2,8
2,7
2,6
6,3
2,4
2,3
2,2
2,1
2,0
45,3
1,3
1,2
1,1
1,0
16,3
0,448
0,432
0,417
0,414
0,457
0,410
0,384
0,376
0,449
0,374
0,442
0,345
0,357
0,343
0,327
0,326
0,403
0,324
0,243
0,9
0,1
0,0
0,431
0,388
0,300
0,454
0,424
0,299
0,429
0,423
0,298
0,428
0,297
0,427
0,516
0,296
0,426
0,420
0,295
0,462
0,294
0,499
0,293
0,441
0,292
0,422
0,350
0,291
0,421
0,419
0,290
0,322
0,289
0,510
0,288
0,444
0,386
0,287
0,487
0,286
0,416
0,385
0,285
0,313
0,284
0,504
0,283
0,440
0,349
0,282
0,471
0,281
0,411
0,346
0,280
0,509
0,515
0,279
0,408
0,278
0,470
0,277
0,406
0,276
0,439
0,383
0,275
0,404
0,382
0,274
0,469
0,273
0,402
0,381
0,272
0,401
0,271
0,400
0,320
0,270
0,312
0,269
0,311
0,268
0,397
0,525
0,267
0,319
0,266
0,503
0,265
0,394
0,418
0,264
0,393
0,514
0,263
0,502
0,262
0,391
0,513
0,261
0,390
0,524
0,260
0,389
0,523
0,259
0,468
0,512
0,258
0,387
0,380
0,257
0,486
0,256
0,489
0,255
0,498
0,254
0,485
0,522
0,253
0,508
0,252
0,497
0,251
0,467
0,250
0,310
0,249
0,484
0,437
0,248
0,483
0,415
0,247
0,466
14,3
3,0
16,4
3,1
3,2
3,3
3,4
3,6
37,3
4,0
37,4
4,1
4,3
15,3
5,0
15,4
5,1
5,2
6,4
5,4
14,8
6,5
14,262
14,4
6,1
6,2
6,6
7,0
7,1
7,2
7,4
8,0
16,6
8,2
16,7
8,4
8,5
9,0
9,2
9,3
22,3
9,5
10,1
10,3
10,4
11,1
11,2
11,4
12,0
12,1
12,3
12,4
12,6
12,8
13,0
13,2
13,3
14,0
14,1
14,128
14,131
14,132
14,134
14,135
14,137
14,139
14,140
14,172
14,183
14,185
14,186
14,188
14,190
14,191
14,257
14,258
14,260
14,263
14,264
14,266
14,267
14,269
14,270
14,272
14,274
14,275
14,277
14,278
14,280
14,282
14,283
14,285
14,286
14,288
15,1
15,2
16,1
16,2
17,0
17,1
17,3
18,0
18,1
18,3
18,4
18,6
18,8
18,9
18,11
18,12
18,14
18,15
18,17
18,19
18,20
19,0
19,1
19,3
19,5
20,0
20,2
20,3
20,5
20,6
20,8
20,10
22,0
22,2
22,5
37,1
40,0
40,1
40,3
40,4
45,0
45,1
45,4
45,7
45,8
47,1
47,2
47,4
47,5
47,3
47,0
45,5
45,2
40,5
40,2
37,2
37,0
22,1
20,9
20,7
20,4
20,1
19,4
19,2
18,21
18,18
18,16
18,13
18,10
18,7
18,5
18,2
17,4
17,2
16,8
16,0
15,0
14,287
14,284
14,281
14,279
14,276
14,273
14,271
14,268
14,265
14,261
14,259
14,256
14,189
14,187
14,184
14,141
14,138
14,136
14,133
14,130
14,2
13,4
13,1
12,7
12,5
12,2
11,5
11,3
11,0
10,2
10,0
9,4
9,1
16,9
8,3
8,1
7,5
7,3
14,168
14,5
6,0
5,6
5,5
15,5
5,3
37,6
37,5
4,2
45,9
16,10
3,5
16,5
45,6
14,170
0,412
0,246
0,482
0,379
0,245
0,481
0,435
0,244
0,373
0,344
0,242
0,372
0,317
0,241
0,371
0,240
0,480
0,239
0,452
0,316
0,238
0,368
0,237
0,367
0,336
0,236
0,307
0,335
0,235
0,461
0,378
0,234
0,364
0,521
0,233
0,438
0,342
0,232
0,362
0,341
0,231
0,501
0,230
0,360
0,340
0,229
0,500
0,228
0,358
0,333
0,227
0,352
0,520
0,226
0,356
0,332
0,225
0,355
0,331
0,224
0,354
0,519
0,223
0,451
0,409
0,222
0,496
0,407
0,221
0,351
0,330
0,220
0,495
0,219
0,450
0,366
0,218
0,348
0,365
0,217
0,436
0,405
0,216
0,347
0,377
0,215
0,460
0,399
0,214
0,443
0,213
0,315
0,212
0,479
0,211
0,459
0,329
0,210
0,314
0,209
0,494
0,208
0,478
0,207
0,493
0,206
0,458
0,361
0,205
0,301
0,204
0,477
0,375
0,203
0,433
0,370
0,202
0,492
0,201
0,334
0,359
0,200
0,465
0,518
0,199
0,464
0,198
0,455
0,339
0,197
0,463
0,434
0,196
0,318
0,430
0,195
0,476
0,194
0,328
0,193
0,446
0,398
0,192
0,475
0,63
0,453
0,325
0,62
0,363
0,61
0,507
0,60
0,413
0,353
0,59
0,445
0,338
0,58
0,491
0,425
0,57
0,323
0,517
0,56
0,511
0,55
0,321
0,395
0,54
0,490
0,53
0,506
0,52
0,474
0,396
0,51
0,505
0,50
0,473
0,337
0,49
0,472
0,48
0,309
0,369
0,47
0,308
0,392
0,46
0,456
0,45
0,488
0,6
0,5
0,304
0,303
0,306
0,305
0,302
0,12
0,447
0,10
0,8
0,11
0,4
0,2
0,3
0,7
